0	0	|	0	0.0333	0.0667	0.1	0.1333	0.1667	0.1333	0.1	0.0667	0.0333	
0	1	|	0.0333	0.0333	0.0667	0.1	0.1333	0.1667	0.1333	0.1	0.0667	0.0333	
0	2	|	0.0667	0.0333	0.0667	0.1	0.1333	0.1667	0.1333	0.1	0.0667	0.0333	
0	3	|	0.1	0.0333	0.0667	0.1	0.1333	0.1667	0.1333	0.1	0.0667	0.0333	
0	4	|	0.1333	0.0333	0.0667	0.1	0.1333	0.1667	0.1333	0.1	0.0667	0.0333	
0	5	|	0.1667	0.0333	0.0667	0.1	0.1333	0.1667	0.1333	0.1	0.0667	0.0333	
0	6	|	0.1333	0.0333	0.0667	0.1	0.1333	0.1667	0.1333	0.1	0.0667	0.0333	
0	7	|	0.1	0.0333	0.0667	0.1	0.1333	0.1667	0.1333	0.1	0.0667	0.0333	
0	8	|	0.0667	0.0333	0.0667	0.1	0.1333	0.1667	0.1333	0.1	0.0667	0.0333	
0	9	|	0.0333	0.0333	0.0667	0.1	0.1333	0.1667	0.1333	0.1	0.0667	0.0333	
1	1	|	0.0667	0.0333	0.0667	0.1	0.1333	0.1667	0.1333	0.1	0.0667	0.0333	
1	2	|	0.1	0.0333	0.0667	0.1	0.1333	0.1667	0.1333	0.1	0.0667	0.0333	
1	3	|	0.1333	0.0333	0.0667	0.1	0.1333	0.1667	0.1333	0.1	0.0667	0.0333	
1	4	|	0.1667	0.0333	0.0667	0.1	0.1333	0.1667	0.1333	0.1	0.0667	0.0333	
1	5	|	0.2	0.0333	0.0667	0.1	0.1333	0.1667	0.1333	0.1	0.0667	0.0333	
1	6	|	0.1667	0.0333	0.0667	0.1	0.1333	0.1667	0.1333	0.1	0.0667	0.0333	
1	7	|	0.1333	0.0333	0.0667	0.1	0.1333	0.1667	0.1333	0.1	0.0667	0.0333	
1	8	|	0.1	0.0333	0.0667	0.1	0.1333	0.1667	0.1333	0.1	0.0667	0.0333	
1	9	|	0.0667	0.0333	0.0667	0.1	0.1333	0.1667	0.1333	0.1	0.0667	0.0333	
2	2	|	0.1333	0.0333	0.0667	0.1	0.1333	0.1667	0.1333	0.1	0.0667	0.0333	
2	3	|	0.1667	0.0333	0.0667	0.1	0.1333	0.1667	0.1333	0.1	0.0667	0.0333	
2	4	|	0.2	0.0333	0.0667	0.1	0.1333	0.1667	0.1333	0.1	0.0667	0.0333	
2	5	|	0.2333	0.0333	0.0667	0.1	0.1333	0.1667	0.1333	0.1	0.0667	0.0333	
2	6	|	0.2	0.0333	0.0667	0.1	0.1333	0.1667	0.1333	0.1	0.0667	0.0333	
2	7	|	0.1667	0.0333	0.0667	0.1	0.1333	0.1667	0.1333	0.1	0.0667	0.0333	
2	8	|	0.1333	0.0333	0.0667	0.1	0.1333	0.1667	0.1333	0.1	0.0667	0.0333	
2	9	|	0.1	0.0333	0.0667	0.1	0.1333	0.1667	0.1333	0.1	0.0667	0.0333	
3	3	|	0.2	0.0333	0.0667	0.1	0.1333	0.1667	0.1333	0.1	0.0667	0.0333	
3	4	|	0.2333	0.0333	0.0667	0.1	0.1333	0.1667	0.1333	0.1	0.0667	0.0333	
3	5	|	0.2667	0.0333	0.0667	0.1	0.1333	0.1667	0.1333	0.1	0.0667	0.0333	
3	6	|	0.2333	0.0333	0.0667	0.1	0.1333	0.1667	0.1333	0.1	0.0667	0.0333	
3	7	|	0.2	0.0333	0.0667	0.1	0.1333	0.1667	0.1333	0.1	0.0667	0.0333	
3	8	|	0.1667	0.0333	0.0667	0.1	0.1333	0.1667	0.1333	0.1	0.0667	0.0333	
3	9	|	0.1333	0.0333	0.0667	0.1	0.1333	0.1667	0.1333	0.1	0.0667	0.0333	
4	4	|	0.2667	0.0333	0.0667	0.1	0.1333	0.1667	0.1333	0.1	0.0667	0.0333	
4	5	|	0.3	0.0333	0.0667	0.1	0.1333	0.1667	0.1333	0.1	0.0667	0.0333	
4	6	|	0.2667	0.0333	0.0667	0.1	0.1333	0.1667	0.1333	0.1	0.0667	0.0333	
4	7	|	0.2333	0.0333	0.0667	0.1	0.1333	0.1667	0.1333	0.1	0.0667	0.0333	
4	8	|	0.2	0.0333	0.0667	0.1	0.1333	0.1667	0.1333	0.1	0.0667	0.0333	
4	9	|	0.1667	0.0333	0.0667	0.1	0.1333	0.1667	0.1333	0.1	0.0667	0.0333	
5	5	|	0.3333	0.0333	0.0667	0.1	0.1333	0.1667	0.1333	0.1	0.0667	0.0333	
5	6	|	0.3	0.0333	0.0667	0.1	0.1333	0.1667	0.1333	0.1	0.0667	0.0333	
5	7	|	0.2667	0.0333	0.0667	0.1	0.1333	0.1667	0.1333	0.1	0.0667	0.0333	
5	8	|	0.2333	0.0333	0.0667	0.1	0.1333	0.1667	0.1333	0.1	0.0667	0.0333	
5	9	|	0.2	0.0333	0.0667	0.1	0.1333	0.1667	0.1333	0.1	0.0667	0.0333	
6	6	|	0.2667	0.0333	0.0667	0.1	0.1333	0.1667	0.1333	0.1	0.0667	0.0333	
6	7	|	0.2333	0.0333	0.0667	0.1	0.1333	0.1667	0.1333	0.1	0.0667	0.0333	
6	8	|	0.2	0.0333	0.0667	0.1	0.1333	0.1667	0.1333	0.1	0.0667	0.0333	
6	9	|	0.1667	0.0333	0.0667	0.1	0.1333	0.1667	0.1333	0.1	0.0667	0.0333	
7	7	|	0.2	0.0333	0.0667	0.1	0.1333	0.1667	0.1333	0.1	0.0667	0.0333	
7	8	|	0.1667	0.0333	0.0667	0.1	0.1333	0.1667	0.1333	0.1	0.0667	0.0333	
7	9	|	0.1333	0.0333	0.0667	0.1	0.1333	0.1667	0.1333	0.1	0.0667	0.0333	
8	8	|	0.1333	0.0333	0.0667	0.1	0.1333	0.1667	0.1333	0.1	0.0667	0.0333	
8	9	|	0.1	0.0333	0.0667	0.1	0.1333	0.1667	0.1333	0.1	0.0667	0.0333	
9	9	|	0.0667	0.0333	0.0667	0.1	0.1333	0.1667	0.1333	0.1	0.0667	0.0333	
