0	0	|	0	0	0	0	0	0	
0	1	|	0	0.1667	0.1667	0.1575	0.0959	0.0373	
0	2	|	0	0.1667	0.3333	0.3425	0.2222	0.0959	
0	3	|	0	0.1575	0.3425	0.5	0.3425	0.1575	
0	4	|	0	0.0959	0.2222	0.3425	0.3333	0.1667	
0	5	|	0	0.0373	0.0959	0.1575	0.1667	0.1667	
1	1	|	0.1667	0	0	0	0	0	
1	2	|	0.1667	0	0.1667	0.1667	0.1142	0.0525	
1	3	|	0.1575	0.0091	0.1758	0.3425	0.2466	0.1202	
1	4	|	0.0959	0.0708	0.1849	0.3082	0.2374	0.1233	
1	5	|	0.0373	0.1294	0.1819	0.2405	0.1819	0.1294	
2	2	|	0.3333	0	0	0	0	0	
2	3	|	0.3425	-0.0091	-0.0091	0.1575	0.1202	0.0616	
2	4	|	0.2222	0.0586	0.1111	0.2405	0.1111	0.0586	
2	5	|	0.0959	0.1233	0.2374	0.3082	0.1849	0.0708	
3	3	|	0.5	0	0	0	0	0	
3	4	|	0.3425	0.0616	0.1202	0.1575	-0.0091	-0.0091	
3	5	|	0.1575	0.1202	0.2466	0.3425	0.1758	0.0091	
4	4	|	0.3333	0	0	0	0	0	
4	5	|	0.1667	0.0525	0.1142	0.1667	0.1667	0	
5	5	|	0.1667	0	0	0	0	0	
