0	0	|	0	0.0127	0.0337	0.0556	0.0337	0.0127	
0	1	|	0.0127	0.1412	0.154	0.1594	0.0802	0.0239	
0	2	|	0.0337	0.133	0.2659	0.2942	0.1885	0.0592	
0	3	|	0.0556	0.1166	0.2723	0.3889	0.2723	0.1166	
0	4	|	0.0337	0.0592	0.1885	0.2942	0.2659	0.133	
0	5	|	0.0127	0.0239	0.0802	0.1594	0.154	0.1412	
1	1	|	0.154	0.0127	0.0254	0.0464	0.0312	0.0127	
1	2	|	0.1667	0.0127	0.154	0.1667	0.123	0.0437	
1	3	|	0.1721	0.0282	0.1612	0.2942	0.235	0.1056	
1	4	|	0.0929	0.0923	0.1967	0.3142	0.2219	0.1175	
1	5	|	0.0366	0.1301	0.1738	0.2412	0.1738	0.1301	
2	2	|	0.2996	0.021	0.0337	0.0464	0.0337	0.0152	
2	3	|	0.3279	0.0055	0.0182	0.1594	0.1355	0.0792	
2	4	|	0.2222	0.0674	0.1111	0.2412	0.1111	0.0674	
2	5	|	0.0929	0.1175	0.2219	0.3142	0.1967	0.0923	
3	3	|	0.4444	0.0218	0.0428	0.0556	0.0428	0.0218	
3	4	|	0.3279	0.0792	0.1355	0.1594	0.0182	0.0055	
3	5	|	0.1721	0.1056	0.235	0.2942	0.1612	0.0282	
4	4	|	0.2996	0.0152	0.0337	0.0464	0.0337	0.021	
4	5	|	0.1667	0.0437	0.123	0.1667	0.154	0.0127	
5	5	|	0.154	0.0127	0.0312	0.0464	0.0254	0.0127	
