0	0	|	0	0.0556	0.1111	0.1667	0.1111	0.0556	
0	1	|	0.0556	0.0556	0.1111	0.1667	0.1111	0.0556	
0	2	|	0.1111	0.0556	0.1111	0.1667	0.1111	0.0556	
0	3	|	0.1667	0.0556	0.1111	0.1667	0.1111	0.0556	
0	4	|	0.1111	0.0556	0.1111	0.1667	0.1111	0.0556	
0	5	|	0.0556	0.0556	0.1111	0.1667	0.1111	0.0556	
1	1	|	0.1111	0.0556	0.1111	0.1667	0.1111	0.0556	
1	2	|	0.1667	0.0556	0.1111	0.1667	0.1111	0.0556	
1	3	|	0.2222	0.0556	0.1111	0.1667	0.1111	0.0556	
1	4	|	0.1667	0.0556	0.1111	0.1667	0.1111	0.0556	
1	5	|	0.1111	0.0556	0.1111	0.1667	0.1111	0.0556	
2	2	|	0.2222	0.0556	0.1111	0.1667	0.1111	0.0556	
2	3	|	0.2778	0.0556	0.1111	0.1667	0.1111	0.0556	
2	4	|	0.2222	0.0556	0.1111	0.1667	0.1111	0.0556	
2	5	|	0.1667	0.0556	0.1111	0.1667	0.1111	0.0556	
3	3	|	0.3333	0.0556	0.1111	0.1667	0.1111	0.0556	
3	4	|	0.2778	0.0556	0.1111	0.1667	0.1111	0.0556	
3	5	|	0.2222	0.0556	0.1111	0.1667	0.1111	0.0556	
4	4	|	0.2222	0.0556	0.1111	0.1667	0.1111	0.0556	
4	5	|	0.1667	0.0556	0.1111	0.1667	0.1111	0.0556	
5	5	|	0.1111	0.0556	0.1111	0.1667	0.1111	0.0556	
