0	0	|	0	0	0	0	0	0	
0	1	|	0	0.1667	0.1667	0.1605	0.0926	0.0309	
0	2	|	0	0.1667	0.3333	0.3395	0.2222	0.0926	
0	3	|	0	0.1605	0.3395	0.5	0.3395	0.1605	
0	4	|	0	0.0926	0.2222	0.3395	0.3333	0.1667	
0	5	|	0	0.0309	0.0926	0.1605	0.1667	0.1667	
1	1	|	0.1667	0	0	0	0	0	
1	2	|	0.1667	0	0.1667	0.1667	0.1173	0.0494	
1	3	|	0.1605	0.0062	0.1728	0.3395	0.2469	0.1173	
1	4	|	0.0926	0.0741	0.1914	0.3148	0.2407	0.1235	
1	5	|	0.0309	0.1358	0.1852	0.2469	0.1852	0.1358	
2	2	|	0.3333	0	0	0	0	0	
2	3	|	0.3395	-0.0062	-0.0062	0.1605	0.1296	0.0679	
2	4	|	0.2222	0.0617	0.1111	0.2469	0.1111	0.0617	
2	5	|	0.0926	0.1235	0.2407	0.3148	0.1914	0.0741	
3	3	|	0.5	0	0	0	0	0	
3	4	|	0.3395	0.0679	0.1296	0.1605	-0.0062	-0.0062	
3	5	|	0.1605	0.1173	0.2469	0.3395	0.1728	0.0062	
4	4	|	0.3333	0	0	0	0	0	
4	5	|	0.1667	0.0494	0.1173	0.1667	0.1667	0	
5	5	|	0.1667	0	0	0	0	0	
